8433543
3829105
8981052
5325313
9827157
3657529
1738416
9874111
3869715
3815728
3570051
9431667
3646356
2989051
377380
6322863
5669313
56302
5626144
1982234
5888894
4958535
3916093
9524888
6465990
2802007
477462
1516462
6310693
9857051
2985293
5730675
808652
5339382
6031617
1209062
7987942
9961
2603614
2298212
6966786
3243924
3510226
9855037
7846028
1552913
8170050
7069051
3014038
9356438
4681804
6282527
7305515
3171573
6561244
2301869
1714217
9141295
8919428
1644106
3878735
9367055
7151180
4341451
6741220
6900164
9823602
1859115
9492132
9944540
3752984
7770599
3956539
8152226
220484
3767505
397660
8918182
6032668
5092829
6713727
3199238
3167866
1233816
3149025
5253271
8989314
269577
2355020
1107331
1166106
3142778
8306727
5114824
1048153
9869290
5108288
7474347
612868
1716549
